dealID	LAWD_CD	DEAL_YMD	dealAmount	buildYear	dealYear	dong	aptName	dealMonth	dealDay	area	relativeNumber	floor	roadName	jiBun	bunCode	buBunCode	guGunCode
1	11110	201512	82,500	2008	2015	사직동	광화문스페이스본(101동~105동)	12	10	94.51	NAN	11	사직로8길	9	4	0	11110
2	11110	201512	60,000	1981	2015	당주동	롯데미도파광화문빌딩	12	22	149.95	NAN	8	세종대로23길	145	47	0	11110
3	11110	201512	130,000	2004	2015	내수동	킹스매너	12	8	194.43	NAN	6	경희궁2길	110-15	5	5	11110
4	11110	201512	105,000	2004	2015	내수동	경희궁의아침2단지	12	14	124.17	NAN	8	사직로8길	71	24	0	11110
5	11110	201512	120,000	2003	2015	내수동	경희궁파크팰리스	12	24	146.33	NAN	4	사직로8길	95	20	0	11110
6	11110	201512	17,000	2014	2015	연건동	이화에수풀	12	17	16.98	NAN	8	대학로	195-10	47	0	11110
7	11110	201512	17,000	2014	2015	연건동	이화에수풀	12	18	16.98	NAN	4	대학로	195-10	47	0	11110
8	11110	201512	57,000	2006	2015	명륜1가	렉스빌	12	29	106.98	NAN	3	혜화로3가길	19	30	0	11110
9	11110	201512	44,000	1995	2015	명륜2가	아남1	12	1	84.8	NAN	18	창경궁로	4	265	0	11110
10	11110	201512	52,000	1995	2015	명륜2가	아남1	12	10	84.9	NAN	12	창경궁로	4	265	0	11110
11	11110	201512	49,800	1995	2015	명륜2가	아남1	12	19	84.8	NAN	1	창경궁로	4	265	0	11110
12	11110	201512	41,000	1999	2015	명륜2가	아남3	12	19	61.13	NAN	7	혜화로3길	237	5	0	11110
13	11110	201512	41,000	1999	2015	창신동	두산	12	2	59.95	NAN	9	지봉로5길	232	7	0	11110
14	11110	201512	19,500	1966	2015	창신동	동대문	12	3	28.8	NAN	6	지봉로	328-17	25	0	11110
15	11110	201512	39,900	2003	2015	창신동	창신이수	12	3	68.06	NAN	8	지봉로	23-816	87	0	11110
16	11110	201512	20,800	1966	2015	창신동	동대문	12	7	28.8	NAN	3	지봉로	328-17	25	0	11110
17	11110	201512	27,200	1993	2015	창신동	창신쌍용2	12	7	64.66	NAN	3	낙산길	703	198	0	11110
18	11110	201512	39,000	1999	2015	??신동	두산	12	10	59.95	NAN	14	지봉로5길	232	7	0	11110
19	11110	201512	39,950	1993	2015	창신동	창신쌍용2	12	11	115.53	NAN	2	낙산길	703	198	0	11110
20	11110	201512	34,500	1992	2015	창신동	창신쌍용1	12	12	79.87	NAN	5	동망산길	702	19	0	11110
21	11110	201512	37,000	1992	2015	창신동	창신쌍용1	12	14	79.87	NAN	3	동망산길	702	19	0	11110
22	11110	201512	42,800	1992	2015	창신동	창신쌍용1	12	22	106.62	NAN	12	동망산길	702	19	0	11110
23	11110	201512	37,300	1992	2015	창신동	창신쌍용1	12	23	79.87	NAN	9	동망산길	702	19	0	11110
24	11110	201512	50,000	1999	2015	창신동	두산	12	24	84.9	NAN	4	지봉로5길	232	7	0	11110
25	11110	201512	12,300	2013	2015	숭인동	종로아인스빌	12	2	12.15	NAN	10	난계로29가길	1392-1	19	0	11110
26	11110	201512	52,000	2009	2015	숭인동	종로청계힐스테이트	12	3	84.9478	NAN	19	숭인동길	766	21	0	11110
27	11110	201512	53,300	2008	2015	숭인동	종로센트레빌	12	5	84.92	NAN	10	동망산길	02-01	47	0	11110
28	11110	201512	42,500	2009	2015	숭인동	종로청계힐스테이트	12	5	59.9426	NAN	2	숭인동길	766	21	0	11110
29	11110	201512	11,500	2014	2015	숭인동	숭인한양LEEPS	12	8	12.78	NAN	10	난계로29가길	1421-2	20	0	11110
30	11110	201512	13,000	2014	2015	숭인동	삼전솔하임4차	12	8	15.09	NAN	15	지봉로4길	318-2	13	0	11110
31	11110	201512	27,000	1997	2015	숭인동	동문(비동,씨동)(494-0)	12	9	59.94	NAN	3	숭인동2길	494	14	5	11110
32	11110	201512	44,900	2009	2015	숭인동	종로청계힐스테이트	12	14	59.9426	NAN	12	숭인동길	766	21	0	11110
33	11110	201512	11,900	2014	2015	숭인동	숭인한양LEEPS	12	14	12.78	NAN	11	난계로29가길	1421-2	20	0	11110
34	11110	201512	10,500	2013	2015	숭인동	익성씨티하임	12	15	15.76	NAN	13	난계로29가길	1392	17	0	11110
35	11110	201512	10,000	2013	2015	숭인동	익성씨티하임	12	15	14.48	NAN	14	난계로29가길	1392	17	0	11110
36	11110	201512	42,500	2008	2015	숭인동	종로센트레빌	12	19	59.92	NAN	12	동망산길	02-01	47	0	11110
37	11110	201512	39,700	2008	2015	숭인동	종로센트레빌	12	22	59.92	NAN	1	동망산길	02-01	47	0	11110
38	11110	201512	52,300	2008	2015	숭인동	종로센트레빌	12	26	84.92	NAN	12	동망산길	02-01	47	0	11110
39	11110	201512	52,500	2009	2015	숭인동	종로청계힐스테이트	12	31	84.9478	NAN	11	숭인동길	766	21	0	11110
40	11110	201512	10,800	2013	2015	숭인동	종로유케이201	12	31	12.01	NAN	7	난계로29길	201-11	33	4	11110
41	11110	201512	44,600	1995	2015	교북동	동아	12	7	84.28	NAN	10	송월길	101	147	0	11110
42	11110	201512	115,000	2004	2015	평창동	벽산블루밍평창힐스	12	2	210.53	NAN	2	평창문화로	45	118	0	11110
43	11110	201512	164,500	2009	2015	평창동	롯데캐슬로잔	12	3	219.775	NAN	3	평창문화로	108	156	0	11110
44	11110	201512	31,500	1998	2015	평창동	삼성	12	6	59.97	NAN	9	평창문화로	596	172	0	11110
45	11110	201512	39,490	2000	2015	무악동	현대	12	12	60	NAN	15	통일로	82	246	20	11110
46	11110	201512	63,490	2000	2015	무악동	현대	12	15	114.9	NAN	6	통일로	82	246	20	11110
47	11110	201512	62,000	2008	2015	무악동	인왕산아이파크	12	16	84.858	NAN	5	통일로18길	60	9	0	11110
48	11110	201512	63,400	2015	2015	무악동	인왕산2차아이파크	12	22	84.0284	NAN	10	통일로18길	88	34	0	11110
49	11110	201512	61,000	2008	2015	무악동	인왕산아이파크	12	25	84.858	NAN	13	통일로18길	60	9	0	11110
50	26470	201512	32,000	2001	2015	거제동	유림아시아드	12	1	130.89	NAN	2	해맞이로	714-144	23	0	26470
51	26470	201512	45,500	2002	2015	거제동	쌍용	12	1	84.971	NAN	18	법원북로	1475	13	0	26470
52	26470	201512	16,000	1979	2015	거제동	한성	12	1	70.28	NAN	4	교대로24번길	211-4	63	0	26470
53	26470	201512	42,550	2002	2015	거제동	거제2차현대홈타운	12	2	84.717	NAN	18	법원북로	1479	16	0	26470
54	26470	201512	45,000	2005	2015	거제동	거제동월드메르디앙	12	3	84.9953	NAN	24	거제천로	1468-1	233	0	26470
55	26470	201512	42,500	2002	2015	거제동	쌍용	12	4	84.971	NAN	8	법원북로	1475	13	0	26470
56	26470	201512	20,000	2004	2015	거제동	유림아시아드타워	12	4	59.983	NAN	9	화지로	768-1	84	0	26470
57	26470	201512	62,500	2002	2015	거제동	거제2차현대홈타운	12	4	140.729	NAN	15	법원북로	1479	16	0	26470
58	26470	201512	36,300	2001	2015	거제동	유림아시아드	12	5	130.89	NAN	10	해맞이로	714-144	23	0	26470
59	26470	201512	45,000	2005	2015	거제동	거제동월드메르디앙	12	5	84.9953	NAN	12	거제천로	1468-1	233	0	26470
60	26470	201512	40,000	2002	2015	거제동	거제2차현대홈타운	12	5	84.717	NAN	1	법원북로	1479	16	0	26470
61	26470	201512	27,300	2001	2015	거제동	거제동롯데캐슬	12	7	59.664	NAN	3	세병로	1467-1	44	0	26470
62	26470	201512	31,800	2006	2015	거제동	삼익퓨쳐타워	12	7	84.98	NAN	19	명륜로2번길	Aug-36	7	0	26470
63	26470	201512	18,000	2001	2015	거제동	유림아시아드	12	7	45.0688	NAN	18	해맞이로	714-144	23	0	26470
64	26470	201512	32,000	2001	2015	거제동	유림아시아드	12	8	130.89	NAN	2	해맞이로	714-144	23	0	26470
65	26470	201512	22,088	2003	2015	거제동	성원맨투로빌	12	8	84.604	NAN	7	거제대로	739-1	128	0	26470
66	26470	201512	28,580	2001	2015	거제동	거제1차현대홈타운	12	8	59.93	NAN	4	법원북로	1481	34	0	26470
67	26470	201512	42,400	1985	2015	거제동	한양	12	8	116.6775	NAN	14	중앙대로1226번길	129-1	4	0	26470
68	26470	201512	18,000	1981	2015	거제동	산호(1462-3)	12	9	72.45	NAN	1	거제천로255번가길	1462-3	51	0	26470
69	26470	201512	72,000	2011	2015	거제동	거제동롯데캐슬피렌체	12	9	158.8408	NAN	25	월드컵대로	1510	266	0	26470
70	26470	201512	32,800	2001	2015	거제동	삼정그린코아	12	10	84.8673	NAN	15	월드컵대로	1272	325	0	26470
71	26470	201512	38,300	2013	2015	거제동	온천천2차동원로얄듀크	12	10	78.2467	NAN	8	거제천???269번길	1513	41	0	26470
72	26470	201512	20,000	1986	2015	거제동	한신	12	10	72.45	NAN	3	거제대로178번길	584	6	0	26470
73	26470	201512	24,500	2001	2015	거제동	삼정그린코아	12	10	59.6068	NAN	10	월드컵대로	1272	325	0	26470
74	26470	201512	29,000	1986	2015	거제동	현대	12	11	84.96	NAN	15	거제대로	840	198	0	26470
75	26470	201512	48,200	2005	2015	거제동	거제동월드메르디앙	12	11	84.9953	NAN	15	거제천로	1468-1	233	0	26470
76	26470	201512	29,000	2001	2015	거제동	유림아시아드	12	12	84.9706	NAN	21	해맞이로	714-144	23	0	26470
77	26470	201512	69,500	2008	2015	거제동	월드마크아시아드	12	12	160.63	NAN	33	종합운동장로12번길	898-1	8	0	26470
78	26470	201512	46,500	2002	2015	거제동	거제2차현대홈타운	12	14	84.717	NAN	17	법원북로	1479	16	0	26470
79	26470	201512	62,300	2001	2015	거제동	거제1차현대홈타운	12	15	179.77	NAN	11	법원북로	1481	34	0	26470
80	26470	201512	34,700	2006	2015	거제동	온천천쌍용예가	12	15	84.945	NAN	1	세병로	1466-17	68	0	26470
81	26470	201512	45,000	2002	2015	거제동	쌍용	12	16	84.971	NAN	12	법원북로	1475	13	0	26470
82	26470	201512	34,200	2005	2015	거제동	벽산이-메타폴리스	12	16	84.42	NAN	32	온천천공원길	139-1	4	0	26470
83	26470	201512	32,000	2006	2015	거제동	삼익퓨쳐타워	12	16	108.78	NAN	7	명륜로2번길	Aug-36	7	0	26470
84	26470	201512	11,500	1986	2015	거제동	진흥목화	12	17	55.06	NAN	6	해맞이로43번길	676-145	19	0	26470
85	26470	201512	29,000	1986	2015	거제동	현대	12	17	84.96	NAN	4	거제대로	840	198	0	26470
86	26470	201512	26,500	2001	2015	거제동	유림아시아드	12	18	84.9706	NAN	1	해맞이로	714-144	23	0	26470
87	26470	201512	31,800	2001	2015	거제동	거제1차현대홈타운	12	18	59.93	NAN	25	법원북로	1481	34	0	26470
88	26470	201512	28,300	1993	2015	거제동	대우	12	19	84.94	NAN	11	아시아드대로28번길	917-1	9	0	26470
89	26470	201512	31,500	2007	2015	거제동	거제유림노르웨이숲	12	19	84.9276	NAN	6	거제대로136번길	1503	30	0	26470
90	26470	201512	10,000	2003	2015	거제동	청마마이우스	12	19	42.6025	NAN	12	명륜로	150-8	14	0	26470
91	26470	201512	62,000	2002	2015	거제동	거제2차현대홈타운	12	19	140.729	NAN	19	법원북로	1479	16	0	26470
92	26470	201512	29,500	2002	2015	거제동	쌍용	12	19	59.991	NAN	2	법원북로	1475	13	0	26470
93	26470	201512	32,000	2001	2015	거제동	유림아시아드	12	19	130.89	NAN	4	해맞이로	714-144	23	0	26470
94	26470	201512	28,500	1997	2015	거제동	우성	12	19	84.92	NAN	20	거제천로	1464-3	255	0	26470
95	26470	201512	34,500	2001	2015	거제동	거제동롯데캐슬	12	21	84.937	NAN	4	세병로	1467-1	44	0	26470
96	26470	201512	32,500	2005	2015	거제동	벽산이-메타폴리스	12	21	84.42	NAN	11	온천천공원길	139-1	4	0	26470
97	26470	201512	32,000	2002	2015	거제동	거제2차현대홈타운	12	21	59.676	NAN	13	법원북로	1479	16	0	26470
98	26470	201512	42,100	2001	2015	거제동	거제1차현대홈타운	12	21	84.93	NAN	21	법원북로	1481	34	0	26470
99	26470	201512	23,300	1993	2015	거제동	대우그린	12	21	84.856	NAN	8	월드컵대로	1288-3	343	0	26470
100	26470	201512	30,000	2001	2015	거제동	거제1차현대홈타운	12	22	59.93	NAN	21	법원북로	1481	34	0	26470
101	26470	201512	45,300	2005	2015	거제동	거제동월드메르디앙	12	22	84.9953	NAN	17	거제천로	1468-1	233	0	26470
102	26470	201512	40,000	2001	2015	거제동	유림아시아드	12	23	146.1027	NAN	7	해맞이로	714-144	23	0	26470
103	26470	201512	38,000	2007	2015	거제동	거제동2차월드메르디앙	12	23	84.9453	NAN	1	중앙대로	1502	1188	0	26470
104	26470	201512	48,500	2005	2015	거제동	거제동월드메르디앙	12	23	127.165	NAN	11	거제천로	1468-1	233	0	26470
105	26470	201512	32,400	2002	2015	거제동	거제2차현대홈타운	12	24	59.676	NAN	7	법원북로	1479	16	0	26470
106	26470	201512	48,500	2010	2015	거제동	아시아드푸르지오	12	24	127.763	NAN	7	아시아드대로22번길	1506	36	0	26470
107	26470	201512	47,000	2006	2015	거제동	온천천쌍용예가	12	24	121.3277	NAN	6	세병로	1466-17	68	0	26470
108	26470	201512	7,450	2003	2015	거제동	청마마이우스	12	24	35.0625	NAN	3	명륜로	150-8	14	0	26470
109	26470	201512	49,500	2010	2015	거제동	아시아드푸르지오	12	25	142.5818	NAN	13	아시아드대로22번길	1506	36	0	26470
110	26470	201512	13,500	1996	2015	거제동	대호	12	26	56.79	NAN	2	거제천로255번길	1466-19	53	0	26470
111	26470	201512	20,500	2004	2015	거제동	유림아시아드타워	12	26	59.983	NAN	1	화지로	768-1	84	0	26470
112	26470	201512	45,300	2002	2015	거제동	쌍용	12	26	84.971	NAN	16	법원북로	1475	13	0	26470
113	26470	201512	30,900	2001	2015	거제동	삼정그린코아	12	26	84.8673	NAN	16	월드컵대로	1272	325	0	26470
114	26470	201512	12,000	1985	2015	거제동	화인상아	12	28	49.23	NAN	4	아시아드대로46번길	1180-1	46	0	26470
115	26470	201512	30,000	2007	2015	거제동	한일유앤아이	12	28	84.96	NAN	12	월드컵대로	Mar-18	196	0	26470
116	26470	201512	30,000	1996	2015	거제동	동원타워	12	29	84.98	NAN	13	월드컵대로243번길	1029-2	19	0	26470
117	26470	201512	14,000	1985	2015	거제동	화인상아	12	29	54.36	NAN	1	아시아드대로46번길	1180-1	46	0	26470
118	26470	201512	20,150	1985	2015	거제동	화랑	12	29	84.6	NAN	5	아시아드대로	867-5	31	0	26470
119	26470	201512	31,500	2001	2015	거제동	거제1차현대홈타운	12	30	59.93	NAN	12	법원북로	1481	34	0	26470
120	26470	201512	49,500	2010	2015	거제동	아시아드푸르지오	12	30	142.5818	NAN	5	아시아드대로22번길	1506	36	0	26470
121	26470	201512	29,700	2007	2015	거제동	거제유림노르웨이숲	12	30	84.8487	NAN	1	거제대로136번길	1503	30	0	26470
122	26470	201512	31,200	2005	2015	거제동	거제동2차동원로얄듀크	12	30	84.9571	NAN	4	거제천로269번길	1465-3	31	0	26470
123	26470	201512	33,000	2002	2015	거제동	쌍용	12	30	59.991	NAN	19	법원북로	1475	13	0	26470
124	26470	201512	23,500	1993	2015	거제동	대우	12	31	68.16	NAN	22	아시아드대로28번길	917-1	9	0	26470
125	26470	201512	33,000	2007	2015	거제동	거제유림노르웨이숲	12	31	84.9276	NAN	14	거제대로136번길	1503	30	0	26470
126	26470	201512	23,400	1999	2015	연산동	연산엘지	12	1	59.997	NAN	8	고분로	243-18	200	0	26470
127	26470	201512	38,000	2013	2015	연산동	연산경동메르빌	12	1	91.6028	NAN	10	연수로	2298	110	0	26470
128	26470	201512	10,700	2002	2015	연산동	고은아트	12	1	43.68	NAN	6	고분로67번길	328-16	13	0	26470
129	26470	201512	17,400	1997	2015	연산동	현대(983-9)	12	1	59.99	NAN	8	고분로112번길	983-9	23	0	26470
130	26470	201512	20,900	1984	2015	연산동	한양(2차)	12	1	50.58	NAN	1	온천천남로	394	110	0	26470
131	26470	201512	22,500	1986	2015	연산동	주공	12	1	54.9	NAN	9	토현로	2220	10	0	26470
132	26470	201512	26,510	1986	2015	연산동	주공	12	1	64.62	NAN	5	토현로	2220	10	0	26470
133	26470	201512	22,780	1986	2015	연산동	주공	12	1	54.9	NAN	15	토현로	2220	10	0	26470
134	26470	201512	25,499	1986	2015	연산동	주공	12	1	64.62	NAN	14	토현로	2220	10	0	26470
135	26470	201512	26,781	1986	2015	연산동	주공	12	1	64.62	NAN	11	토현로	2220	10	0	26470
136	26470	201512	27,210	1986	2015	연산동	주공	12	2	64.62	NAN	10	토현로	2220	10	0	26470
137	26470	201512	39,500	2013	2015	연산동	연산경동메르빌	12	2	87.9393	NAN	30	연수로	2298	110	0	26470
138	26470	201512	33,000	2013	2015	연산동	연산경동메르빌	12	2	75.7832	NAN	25	연수로	2298	110	0	26470
139	26470	201512	28,300	2007	2015	연산동	연산동한솔솔파크	12	2	84.9985	NAN	6	과정로	406-10	211	0	26470
140	26470	201512	23,300	1986	2015	연산동	주공	12	2	54.9	NAN	11	토현로	2220	10	0	26470
141	26470	201512	23,892	1986	2015	연산동	주공	12	2	54.9	NAN	9	토현로	2220	10	0	26470
142	26470	201512	26,511	1986	2015	연산동	주공	12	2	64.62	NAN	4	토현로	2220	10	0	26470
143	26470	201512	23,200	1986	2015	연산동	주공	12	2	54.9	NAN	3	토현로	2220	10	0	26470
144	26470	201512	23,006	1986	2015	연산동	주공	12	2	54.9	NAN	2	토현로	2220	10	0	26470
145	26470	201512	22,300	1986	2015	연산동	주공	12	2	54.9	NAN	14	토현로	2220	10	0	26470
146	26470	201512	22,110	1986	2015	연산동	주공	12	2	54.9	NAN	1	토현로	2220	10	0	26470
147	26470	201512	22,378	1986	2015	연산동	주공	12	2	54.9	NAN	10	토현로	2220	10	0	26470
148	26470	201512	21,990	1986	2015	연산동	주공	12	3	54.9	NAN	11	토현로	2220	10	0	26470
149	26470	201512	57,600	2010	2015	연산동	연산자이	12	3	159.8382	NAN	20	과정로343번길	2262	43	0	26470
150	26470	201512	18,700	2003	2015	연산동	대동레미안	12	3	84.97	NAN	6	과정로	469-15	168	0	26470
151	26470	201512	23,000	1986	2015	연산동	주공	12	3	54.9	NAN	13	토현로	2220	10	0	26470
152	26470	201512	25,935	1986	2015	연산동	주공	12	3	64.62	NAN	6	토현로	2220	10	0	26470
153	26470	201512	20,800	1999	2015	연산동	연산엘지	12	4	59.997	NAN	1	고분로	243-18	200	0	26470
154	26470	201512	64,900	2010	2015	연산동	연산자이	12	4	182.7637	NAN	14	과정로343번길	2262	43	0	26470
155	26470	201512	40,000	2010	2015	연산동	연산자이	12	4	84.5157	NAN	20	과정로343번길	2262	43	0	26470
156	26470	201512	44,000	2008	2015	연산동	연제힐스테이트	12	4	129.1454	NAN	12	연제로	862	21	0	26470
157	26470	201512	25,088	1986	2015	연산동	주공	12	4	64.62	NAN	1	토현로	2220	10	0	26470
158	26470	201512	25,100	1999	2015	연산동	연산엘지	12	4	84.99	NAN	1	고분로	243-18	200	0	26470
159	26470	201512	25,200	2004	2015	연산동	희망센트럴뷰	12	5	84.88	NAN	17	중앙천로	1310-87	85	0	26470
160	26470	201512	6,500	1978	2015	연산동	삼일아파트	12	6	54	NAN	4	중앙천로73번길	1646-33	13	20	26470
161	26470	201512	15,500	1979	2015	연산동	삼익	12	7	45.85	NAN	13	중앙대로	578-1	1164	0	26470
162	26470	201512	25,500	2007	2015	연산동	연산동한솔솔파크	12	7	84.9944	NAN	4	과정로	406-10	211	0	26470
163	26470	201512	20,000	2005	2015	연산동	아림시티빌	12	7	84.9	NAN	6	연제로9번길	859-4	9	0	26470
164	26470	201512	29,000	1986	2015	연산동	주공	12	7	75.24	NAN	10	토현로	2220	10	0	26470
165	26470	201512	23,000	1979	2015	연산동	삼익	12	7	84.26	NAN	12	중앙대로	578-1	1164	0	26470
166	26470	201512	29,100	1995	2015	연산동	선경	12	8	84.75	NAN	18	과정로	Apr-35	74	0	26470
167	26470	201512	7,700	2014	2015	연산동	연제스퀘어	12	8	19.72	NAN	9	연수로	Dec-21	229	2	26470
168	26470	201512	18,000	2013	2015	연산동	케이에이치마이우스	12	8	48.459	NAN	11	신촌로	1492-3	12	0	26470
169	26470	201512	40,900	2010	2015	연산동	연산자이	12	8	84.5157	NAN	16	과정로343번길	2262	43	0	26470
170	26470	201512	12,000	2000	2015	연산동	리벤빌라	12	8	82.79	NAN	4	거제천로136번길	1299-7	30	0	26470
171	26470	201512	14,700	2002	2015	연산동	세븐빌	12	8	71.01	NAN	4	고분로235번길	469-34	63	0	26470
172	26470	201512	7,900	1980	2015	연산동	태광맨션(418-5)	12	9	50.28	NAN	5	과정로	418-5	173	0	26470
173	26470	201512	22,100	1994	2015	연산동	경남	12	10	83.08	NAN	8	고분로	137	260	0	26470
174	26470	201512	14,750	2002	2015	연산동	강산마을	12	10	74.38	NAN	3	고분로235번길	478-19	31	0	26470
175	26470	201512	8,000	1980	2015	연산동	중경	12	10	45.69	NAN	2	연미로13번길	1829-3	16	0	26470
176	26470	201512	6,500	1984	2015	연산동	연산재건	12	10	36.9	NAN	3	중앙대로1038번길	1642-28	59	6	26470
177	26470	201512	11,400	1982	2015	연산동	대흥	12	11	56.79	NAN	3	물만로23번길	Jul-95	22	0	26470
178	26470	201512	19,018	2015	2015	연산동	드리머스	12	11	55.5	NAN	4	중앙대로1075번길	1289-12	38	0	26470
179	26470	201512	45,000	2010	2015	연산동	연???자이	12	11	84.867	NAN	14	과정로343번길	2262	43	0	26470
180	26470	201512	23,850	1999	2015	연산동	연산엘지	12	11	59.997	NAN	20	고분로	243-18	200	0	26470
181	26470	201512	45,000	2010	2015	연산동	연산자이	12	12	84.867	NAN	6	과정로343번길	2262	43	0	26470
182	26470	201512	14,300	2012	2015	연산동	리치W	12	12	41.9881	NAN	10	과정로	478-2	162	0	26470
183	26470	201512	28,900	1986	2015	연산동	주공	12	13	69.08	NAN	13	토현로	2220	10	0	26470
184	26470	201512	9,600	1984	2015	연산동	공영	12	14	59.1	NAN	4	과정로164번길	472-8	31	0	26470
185	26470	201512	34,500	2013	2015	연산동	연산경동메르빌	12	14	77.0514	NAN	18	연수로	2298	110	0	26470
186	26470	201512	13,100	2013	2015	연산동	케이에이치마이우스	12	14	33.96	NAN	6	신촌로	1492-3	12	0	26470
187	26470	201512	45,000	2008	2015	연산동	연제힐스테이트	12	14	133.1457	NAN	11	연제로	862	21	0	26470
188	26470	201512	10,000	1984	2015	연산동	성림(1829-11)	12	14	59.04	NAN	2	연미로13번길	1829-11	8	0	26470
189	26470	201512	13,000	1979	2015	연산동	새연산(588-1)	12	15	53.75	NAN	4	세병로	588-1	5	0	26470
190	26470	201512	21,000	1992	2015	연산동	한양타워	12	15	75.71	NAN	5	과정로344번길	307-10	22	0	26470
191	26470	201512	28,900	1999	2015	연산동	연산엘지	12	15	84.99	NAN	21	고분로	243-18	200	0	26470
192	26470	201512	26,700	1999	2015	연산동	연산쌍용	12	15	84.97	NAN	11	고분로13번길	603-7	25	0	26470
193	26470	201512	31,000	1999	2015	연산동	연산엘지	12	16	84.99	NAN	17	고분로	243-18	200	0	26470
194	26470	201512	21,000	1979	2015	연산동	새연산(588-1)	12	17	63.27	NAN	5	세병로	588-1	5	0	26470
195	26470	201512	21,828	2015	2015	연산동	드리머스	12	17	63.3	NAN	2	중앙대로1075번길	1289-12	38	0	26470
196	26470	201512	25,800	2012	2015	연산동	신우피렌체	12	17	79.7	NAN	12	거제천로118번길	1481-9	51	0	26470
197	26470	201512	13,200	1982	2015	연산동	대흥	12	18	62.94	NAN	4	물만로23번길	Jul-95	22	0	26470
198	26470	201512	19,900	1995	2015	연산동	연산센터빌	12	18	59.98	NAN	15	거제천로230번길	585-6	53	0	26470
199	26470	201512	18,500	1990	2015	연산동	연산삼성타워맨션	12	18	84.95	NAN	4	쌍미천로	1135-160	70	0	26470
200	26470	201512	7,300	1983	2015	연산동	부영맨션	12	18	44.22	NAN	1	고분로241번길	472-2	50	0	26470
201	26470	201512	20,000	2003	2015	연산동	대운파크빌	12	19	84.9	NAN	6	중앙대로1075번길	1289-3	46	0	26470
202	26470	201512	39,200	2010	2015	연산동	연산자이	12	19	84.5157	NAN	5	과정로343번길	2262	43	0	26470
203	26470	201512	23,000	1992	2015	연산동	서연하이츠	12	19	136.15	NAN	1	과정로192번길	420-1	42	0	26470
204	26470	201512	11,800	1983	2015	연산동	동광	12	21	72.89	NAN	1	과정로191번가길	414-22	13	0	26470
205	26470	201512	55,900	2010	2015	연산동	연산자이	12	21	120.6366	NAN	21	과정로343번길	2262	43	0	26470
206	26470	201512	33,500	2006	2015	연산동	에스케이뷰	12	21	119.8065	NAN	13	중앙대로1124번길	587-4	15	0	26470
207	26470	201512	20,900	1995	2015	연산동	연산센터빌	12	21	59.86	NAN	12	거제천로230번길	585-6	53	0	26470
208	26470	201512	9,050	1984	2015	연산동	국제	12	22	48.96	NAN	5	연수로	1873-70	184	0	26470
209	26470	201512	34,200	2006	2015	연산동	에스케이뷰	12	22	124.2555	NAN	29	중앙대로1124번길	587-4	15	0	26470
210	26470	201512	33,500	1995	2015	연산동	선경	12	22	164.95	NAN	4	과정로	Apr-35	74	0	26470
211	26470	201512	9,300	1983	2015	연산동	부영맨션	12	22	39.03	NAN	5	고분로241번길	472-2	50	0	26470
212	26470	201512	20,900	1994	2015	연산동	경남	12	23	73.82	NAN	13	고분로	137	260	0	26470
213	26470	201512	32,000	2015	2015	연산동	더샵파크시티	12	23	84.99	NAN	17	안연로	2311	33	0	26470
214	26470	201512	38,000	2015	2015	연산동	부산센텀푸르지오	12	23	84.9907	NAN	15	고분로	2307	280	0	26470
215	26470	201512	33,300	2007	2015	연산동	센텀수영강푸르지오	12	23	84.9899	NAN	13	고분로	129	270	0	26470
216	26470	201512	18,200	1984	2015	연산동	월성	12	23	83.52	NAN	4	중앙대로1043번길	1359-7	11	0	26470
217	26470	201512	21,000	1995	2015	연산동	연산센터빌	12	23	59.86	NAN	13	거제천로230번길	585-6	53	0	26470
218	26470	201512	34,000	1999	2015	연산동	연산엘지	12	23	119.25	NAN	1	고분로	243-18	200	0	26470
219	26470	201512	19,500	1994	2015	연산동	경남	12	23	83.08	NAN	11	고분로	137	260	0	26470
220	26470	201512	21,600	1984	2015	연산동	삼보맨션	12	25	80.64	NAN	4	세병로	580-4	34	0	26470
221	26470	201512	19,500	1994	2015	연산동	동덕현대	12	26	79.05	NAN	7	연미로	1829-1	14	0	26470
222	26470	201512	14,150	2012	2015	연산동	리치W	12	26	41.9881	NAN	11	과정로	478-2	162	0	26470
223	26470	201512	19,800	2003	2015	연산동	태안	12	26	78.96	NAN	12	중앙대로1075번길	1288-21	26	0	26470
224	26470	201512	17,800	1981	2015	연산동	한양(1차)	12	26	42.74	NAN	9	온천천남로	395	110	0	26470
225	26470	201512	19,300	1993	2015	연산동	부전타워	12	26	73.07	NAN	18	토곡남로	57-134	11	0	26470
226	26470	201512	14,170	1982	2015	연산동	대흥	12	28	76.3	NAN	5	물만로23번길	Jul-95	22	0	26470
227	26470	201512	19,000	1993	2015	연산동	한성기린	12	28	58.74	NAN	15	세병로	584-1	16	0	26470
228	26470	201512	28,600	1999	2015	연산동	연산엘지	12	28	84.99	NAN	9	고분로	243-18	200	0	26470
229	26470	201512	28,750	1999	2015	연산동	연산엘지	12	28	84.99	NAN	11	고분로	243-18	200	0	26470
230	26470	201512	23,200	1984	2015	연산동	삼보맨션	12	28	77.25	NAN	9	세병로	580-4	34	0	26470
231	26470	201512	13,100	1992	2015	연산동	연산센트럴파크	12	29	67.77	NAN	2	고분로98번길	958-6	16	0	26470
232	26470	201512	21,800	2008	2015	연산동	에이젠아파트	12	29	84.33	NAN	13	중앙대로1065번길	1299-6	50	0	26470
233	26470	201512	28,550	1986	2015	연산동	주공	12	31	75.24	NAN	13	토현로	2220	10	0	26470
234	26470	201512	54,200	2010	2015	연산동	연산자이	12	31	159.8382	NAN	9	과정로343번길	2262	43	0	26470
